Fecha	Muestras	Casos	Activos	Acumulados	Fallecidos	Total fallecidos	Graves	Críticos
2020-03-11	-1	3	3	3	0	0	0	0
2020-03-12	-1	0	3	3	0	0	0	0
2020-03-13	-1	1	4	4	0	0	0	0
2020-03-14	-1	0	4	4	0	0	0	0
2020-03-15	-1	0	4	4	0	0	1	0
2020-03-16	-1	1	5	5	0	0	0	1
2020-03-17	-1	2	7	7	0	0	0	1
2020-03-18	-1	4	10	11	1	1	0	0
2020-03-19	-1	5	15	16	0	1	0	0
2020-03-20	-1	9	23	25	0	1	1	2
2020-03-21	-1	10	33	35	0	1	1	2
2020-03-22	-1	5	38	40	0	1	1	2
2020-03-23	107	8	45	48	0	1	1	2
2020-03-24	113	9	54	57	0	1	0	2
2020-03-25	155	10	64	67	0	1	1	1
2020-03-26	146	13	73	80	1	2	2	1
2020-03-27	329	39	112	119	0	2	2	1
2020-03-28	297	20	130	139	2	4	5	3
2020-03-29	342	31	161	170	0	4	5	3
2020-03-30	315	16	171	186	2	6	3	3
2020-03-31	444	26	193	212	0	6	1	4
2020-04-01	576	21	213	233	0	6	2	5
2020-04-02	803	36	246	269	1	7	2	6
2020-04-03	1057	19	265	288	0	7	3	8
2020-04-04	1201	32	295	320	1	8	4	8
2020-04-05	764	30	321	350	1	9	4	8
2020-04-06	1056	46	356	396	2	11	3	12
2020-04-07	1187	61	416	457	1	12	6	10
2020-04-08	1315	58	470	515	3	15	8	8
2020-04-09	1298	49	496	564	0	15	5	6
2020-04-10	1139	56	525	620	1	16	7	5
2020-04-11	1895	49	557	669	2	18	6	9
2020-04-12	2076	57	582	726	3	21	7	7
2020-04-13	1634	40	611	766	0	21	3	9
2020-04-14	1684	48	637	814	3	24	7	8
2020-04-15	1386	48	662	862	3	27	6	10
2020-04-16	1480	61	697	923	5	32	7	10
2020-04-17	1895	63	724	986	1	33	5	10
2020-04-18	1770	49	743	1035	2	35	7	9
2020-04-19	1616	52	763	1087	2	37	11	9
2020-04-20	1818	50	787	1137	2	39	10	8
2020-04-21	1860	52	805	1189	2	41	7	9
2020-04-22	1967	46	824	1235	3	44	4	10
2020-04-23	1891	50	818	1285	5	49	4	7
2020-04-24	1857	52	847	1337	2	51	5	6
2020-04-25	1837	32	812	1369	3	54	6	6
2020-04-26	1823	20	806	1389	2	56	6	6
2020-04-27	1857	48	802	1437	2	58	5	7
2020-04-28	1836	30	790	1467	0	58	7	7
2020-04-29	2003	34	757	1501	3	61	4	6
2020-04-30	2062	36	757	1537	3	64	4	6
2020-05-01	2097	74	778	1611	2	66	7	4
2020-05-02	2039	38	753	1649	1	67	8	5
2020-05-03	1997	19	721	1668	2	69	6	3
2020-05-04	2169	17	660	1685	0	69	5	3
2020-05-05	1937	18	631	1703	0	69	10	4
2020-05-06	1965	26	623	1729	4	73	3	5
2020-05-07	1947	12	587	1741	1	74	3	5
2020-05-08	1949	13	538	1754	0	74	4	4
2020-05-09	1826	12	494	1766	3	77	5	6
2020-05-10	1847	17	475	1783	0	77	6	1
2020-05-11	1975	21	447	1804	1	78	2	2
2020-05-12	1972	6	403	1810	1	79	4	3
2020-05-13	2013	20	366	1830	0	79	6	3
2020-05-14	2232	10	334	1840	0	79	6	3
2020-05-15	2460	22	321	1862	0	79	5	2
2020-05-16	2083	10	296	1872	0	79	7	3
2020-05-17	1951	9	295	1881	0	79	7	2
2020-05-18	1688	6	268	1887	0	79	7	1
2020-05-19	1732	13	246	1900	0	79	6	2
2020-05-20	1743	8	223	1908	1	80	4	1
2020-05-21	1880	8	202	1916	1	81	3	1
2020-05-22	1718	15	177	1931	0	81	3	1
2020-05-23	1431	10	168	1941	1	82	3	0
2020-05-24	1451	6	159	1947	0	82	5	0
2020-05-25	1492	16	170	1963	0	82	4	0
2020-05-26	1378	11	166	1974	0	82	2	0
2020-05-27	1364	9	165	1983	0	82	1	0
2020-05-28	1363	22	161	2005	0	82	3	0
2020-05-29	2015	20	145	2025	1	83	3	0
2020-05-30	2151	20	151	2045	0	83	4	0
2020-05-31	1763	38	172	2083	0	83	3	0
2020-06-01	1352	9	180	2092	0	83	4	0
2020-06-02	1960	15	192	2107	0	83	4	0
2020-06-03	2100	12	195	2119	0	83	4	0
2020-06-04	2015	14	200	2133	0	83	3	0
2020-06-05	2004	40	233	2173	0	83	3	0
2020-06-06	2020	18	244	2191	0	83	3	0
2020-06-07	2048	9	247	2200	0	83	3	0
2020-06-08	2067	5	240	2205	0	83	1	0
2020-06-09	2344	6	240	2211	0	83	1	0
2020-06-10	2095	8	240	2219	1	84	1	0
2020-06-11	2090	14	245	2233	0	84	4	0
2020-06-12	2496	5	229	2238	0	84	5	0
2020-06-13	2135	10	214	2248	0	84	5	0
2020-06-14	2486	14	211	2262	0	84	4	1
2020-06-15	2582	11	193	2273	0	84	4	1
2020-06-16	2320	7	195	2280	0	84	4	1
2020-06-17	2582	15	188	2295	1	85	0	1
2020-06-18	2543	10	181	2305	0	85	0	1
2020-06-19	2536	4	151	2309	0	85	0	1
2020-06-20	2352	3	122	2312	0	85	0	1
2020-06-21	2069	3	115	2315	0	85	0	1
2020-06-22	2148	3	108	2318	0	85	0	1
2020-06-23	2006	1	102	2319	0	85	0	1
2020-06-24	2184	2	63	2321	0	85	0	1
2020-06-25	2103	4	58	2325	0	85	0	1
2020-06-26	2288	5	55	2330	1	86	0	0
2020-06-27	2373	2	43	2332	0	86	0	0
2020-06-28	2210	8	41	2340	0	86	0	0
2020-06-29	2246	1	39	2341	0	86	1	0
2020-06-30	2272	7	42	2348	0	86	1	0
2020-07-01	2309	5	44	2353	0	86	0	0
2020-07-02	2690	8	49	2361	0	86	1	0
2020-07-03	2635	8	54	2369	0	86	2	0
2020-07-04	2446	3	55	2372	0	86	3	0
2020-07-05	3375	8	58	2380	0	86	4	0
2020-07-06	3081	15	67	2395	0	86	5	0
2020-07-07	2844	4	69	2399	0	86	4	0
2020-07-08	3091	4	70	2403	1	87	2	0
2020-07-09	3141	10	75	2413	0	87	2	0
2020-07-10	3339	7	77	2420	0	87	2	0
2020-07-11	3106	6	79	2426	0	87	1	0
2020-07-12	2978	2	71	2428	0	87	1	0
2020-07-13	3329	4	68	2432	0	87	1	0
2020-07-14	3372	6	72	2438	0	87	1	0
2020-07-15	2761	2	66	2440	0	87	1	0
2020-07-16	3179	4	55	2444	0	87	1	0
2020-07-17	2959	1	52	2445	0	87	0	0
2020-07-18	2745	1	49	2446	0	87	0	0
2020-07-19	2914	0	38	2446	0	87	0	0
2020-07-20	2746	3	39	2449	0	87	0	1
2020-07-21	2714	13	47	2462	0	87	0	1
2020-07-22	3002	4	38	2466	0	87	0	1
2020-07-23	3075	3	39	2469	0	87	0	1
2020-07-24	3126	9	44	2478	0	87	1	0
2020-07-25	3183	17	57	2495	0	87	0	0
2020-07-26	3212	37	92	2532	0	87	0	0
2020-07-27	3346	23	114	2555	0	87	0	0
2020-07-28	3235	33	146	2588	0	87	0	1
2020-07-29	3455	9	153	2597	0	87	0	1
2020-07-30	3696	11	164	2608	0	87	0	1
2020-07-31	3502	25	177	2633	0	87	0	1
2020-08-01	3340	13	188	2646	0	87	0	1
2020-08-02	3485	24	208	2670	0	87	0	1
2020-08-03	3389	31	229	2701	1	88	1	0
2020-08-04	3732	25	240	2726	0	88	2	0
2020-08-05	3876	49	276	2775	0	88	4	0
2020-08-06	3941	54	310	2829	0	88	6	0
2020-08-07	3657	59	356	2888	0	88	7	0
2020-08-08	4262	65	412	2953	0	88	7	0
2020-08-09	4267	93	496	3046	0	88	4	2
2020-08-10	4054	47	531	3093	0	88	4	2
2020-08-11	4256	35	534	3128	0	88	4	2
2020-08-12	4591	45	558	3173	0	88	2	3
2020-08-13	4941	56	592	3229	0	88	1	3
2020-08-14	4603	63	634	3292	0	88	1	3
2020-08-15	3646	24	606	3316	0	88	2	3
2020-08-16	4350	48	582	3364	0	88	2	5
2020-08-17	4294	44	524	3408	0	88	5	3
2020-08-18	4990	74	529	3482	0	88	7	4
2020-08-19	5116	83	581	3565	0	88	9	3
2020-08-20	5224	17	540	3582	1	89	10	3
2020-08-21	4562	35	520	3617	0	89	14	3
2020-08-22	4867	65	545	3682	2	91	17	3
2020-08-23	4261	35	545	3717	0	91	19	2
2020-08-24	4536	27	549	3744	0	91	14	3
2020-08-25	3056	15	506	3759	1	92	13	3
2020-08-26	4549	47	517	3806	0	92	15	6
2020-08-27	5002	60	550	3866	0	92	18	5
2020-08-28	5698	59	556	3925	2	94	17	5
2020-08-29	4591	48	550	3973	0	94	14	6
2020-08-30	5438	59	558	4032	0	94	14	8
2020-08-31	4958	33	573	4065	1	95	19	6
2020-09-01	5546	61	568	4126	3	98	17	5
2020-09-02	5691	88	637	4214	3	101	17	4
2020-09-03	5855	52	676	4266	0	101	17	4
2020-09-04	6007	32	624	4298	1	102	18	4
2020-09-05	5760	11	614	4309	1	103	13	3
2020-09-06	7164	43	605	4352	0	103	10	2
2020-09-07	7572	25	570	4377	2	105	8	2
2020-09-08	7948	82	625	4459	0	105	11	1
2020-09-09	7569	92	664	4551	1	106	10	2
2020-09-10	7138	42	641	4593	0	106	12	6
2020-09-11	8128	60	665	4653	2	108	15	6
2020-09-12	7588	31	644	4684	0	108	15	6
2020-09-13	7380	42	576	4726	0	108	12	5
2020-09-14	7758	77	573	4803	1	109	10	6
2020-09-15	7939	73	633	4876	1	110	12	5
2020-09-16	7745	57	590	4933	1	111	13	7
2020-09-17	8405	71	640	5004	2	113	14	5
2020-09-18	7554	51	655	5055	1	114	13	5
2020-09-19	6724	36	562	5091	1	115	11	4
2020-09-20	7598	50	561	5141	1	116	9	4
2020-09-21	8175	81	597	5222	1	117	8	3
2020-09-22	7321	48	568	5270	1	118	6	2
2020-09-23	7625	40	577	5310	0	118	5	2
2020-09-24	7779	40	572	5350	0	118	5	2
2020-09-25	7744	62	558	5412	2	120	5	3
2020-09-26	7027	45	582	5457	2	122	4	3
2020-09-27	7099	26	572	5483	0	122	3	2
2020-09-28	7424	48	541	5531	0	122	4	2
2020-09-29	7550	66	580	5597	0	122	6	2
2020-09-30	7186	73	624	5670	0	122	7	2
2020-10-01	7545	48	516	5718	0	122	5	1
2020-10-02	7438	62	538	5780	0	122	4	1
2020-10-03	7538	29	540	5809	0	122	5	1
2020-10-04	7334	36	488	5845	1	123	0	1
2020-10-05	5770	38	480	5883	0	123	1	1
2020-10-06	6807	15	452	5898	0	123	2	0
2020-10-07	7132	19	421	5917	0	123	1	1
2020-10-08	7208	26	420	5943	0	123	1	1
2020-10-09	7066	5	383	5948	0	123	2	1
2020-10-10	6725	30	313	5978	0	123	4	1
2020-10-11	7903	22	301	6000	0	123	3	1
2020-10-12	6655	17	290	6017	0	123	5	2
2020-10-13	6758	18	257	6035	0	123	5	2
2020-10-14	7775	27	259	6062	0	123	5	2
2020-10-15	7592	56	290	6118	1	124	3	2
2020-10-16	7085	52	290	6170	1	125	5	3
2020-10-17	7905	50	325	6220	0	125	7	3
2020-10-18	6508	38	349	6258	2	127	5	3
2020-10-19	6699	47	370	6305	0	127	5	2
2020-10-20	6719	63	425	6368	0	127	3	2
2020-10-21	6798	53	420	6421	1	128	3	2
2020-10-22	7107	58	450	6479	0	128	3	2
2020-10-23	7099	55	479	6534	0	128	3	2
2020-10-24	7872	32	438	6566	0	128	5	1
2020-10-25	7969	29	436	6595	0	128	4	1
2020-10-26	7890	83	497	6678	0	128	4	1
2020-10-27	8201	49	490	6727	0	128	0	3
2020-10-28	7764	39	504	6766	0	128	2	3
2020-10-29	8245	35	493	6801	0	128	2	3
2020-10-30	8994	86	512	6887	0	128	2	3
2020-10-31	8658	48	516	6935	0	128	1	3
2020-11-01	8192	35	521	6970	1	129	0	3
2020-11-02	8097	65	530	7035	0	129	1	4
2020-11-03	8474	109	619	7144	0	129	2	4
2020-11-04	8999	40	551	7184	0	129	2	4
2020-11-05	8176	44	554	7228	1	130	1	3
2020-11-06	9664	39	553	7267	0	130	2	3
2020-11-07	8091	30	485	7297	0	130	2	2
2020-11-08	8927	52	496	7349	0	130	2	2
2020-11-09	8219	43	511	7392	0	130	2	1
2020-11-10	8803	37	466	7429	0	130	2	2
2020-11-11	8203	58	430	7487	1	131	1	1
2020-11-12	8721	54	443	7541	0	131	1	1
2020-11-13	8074	27	420	7568	0	131	2	0
2020-11-14	8760	22	397	7590	0	131	2	0
2020-11-15	8577	49	428	7639	0	131	2	0
2020-11-16	7785	28	421	7667	0	131	2	0
2020-11-17	7985	37	399	7704	0	131	0	0
2020-11-18	8684	21	391	7725	0	131	0	0
2020-11-19	10416	38	363	7763	0	131	0	0
2020-11-20	9593	35	357	7798	1	132	1	1
2020-11-21	10113	48	378	7846	0	132	1	1
2020-11-22	9977	33	389	7879	0	132	3	1
2020-11-23	9061	71	387	7950	1	133	2	1
2020-11-24	9981	76	421	8026	0	133	2	1
2020-11-25	10596	49	443	8075	0	133	1	1
2020-11-26	10921	35	450	8110	0	133	2	0
2020-11-27	10147	63	484	8173	0	133	2	1
2020-11-28	10466	60	511	8233	1	134	1	1
2020-11-29	11503	51	516	8284	1	135	2	1
2020-11-30	10607	97	585	8381	1	136	3	1
2020-12-01	9760	75	604	8456	0	136	3	1
2020-12-02	11092	75	623	8531	0	136	3	1
2020-12-03	10524	79	614	8610	0	136	5	1
2020-12-04	9386	104	667	8714	0	136	6	1
2020-12-05	10009	68	681	8782	0	136	7	1
2020-12-06	10099	124	771	8906	0	136	7	3
2020-12-07	11342	76	797	8982	0	136	8	4
2020-12-08	10519	124	831	9106	0	136	6	5
2020-12-09	10236	75	831	9181	0	136	6	5
2020-12-10	10795	86	839	9267	0	136	6	4
2020-12-11	10484	87	844	9354	1	137	7	1
2020-12-12	11770	69	850	9423	0	137	9	1
2020-12-13	9987	69	869	9492	0	137	8	0
2020-12-14	10565	96	857	9588	0	137	8	2
2020-12-15	10869	83	874	9671	0	137	6	3
2020-12-16	10864	100	862	9771	0	137	8	3
2020-12-17	10869	122	842	9893	0	137	8	4
2020-12-18	12052	131	909	10024	0	137	8	3
2020-12-19	12642	103	948	10127	0	137	9	3
2020-12-20	14378	115	977	10242	0	137	7	3
2020-12-21	12568	142	1021	10384	2	139	5	2
2020-12-22	12207	116	1049	10500	0	139	6	2
2020-12-23	13108	217	1194	10717	0	139	7	5
2020-12-24	12471	183	1250	10900	1	140	8	6
2020-12-25	12255	138	1290	11038	1	141	8	7
2020-12-26	13912	167	1350	11205	1	142	9	9
2020-12-27	13625	229	1486	11434	1	143	10	9
2020-12-28	14767	167	1573	11601	0	143	14	10
2020-12-29	13162	86	1529	11687	2	145	12	8
2020-12-30	14605	176	1580	11863	1	146	10	12
2020-12-31	14094	193	1551	12056	0	146	14	10
2021-01-01	11243	169	1570	12225	0	146	14	11
2021-01-02	11254	199	1586	12424	1	147	14	9
2021-01-03	10024	316	1738	12740	0	147	14	6
2021-01-04	8754	224	1761	12964	0	147	14	8
2021-01-05	10136	201	1746	13165	1	148	13	7
2021-01-06	11396	314	1916	13479	0	148	10	8
2021-01-07	12092	344	2118	13823	0	148	12	4
2021-01-08	13592	365	2332	14188	0	148	10	6
2021-01-09	13349	388	2534	14576	3	151	17	7
2021-01-10	13212	431	2802	15007	2	153	15	9
2021-01-11	14350	487	3057	15494	2	155	17	8
2021-01-12	14261	550	3378	16044	3	158	13	16
2021-01-13	14579	505	3660	16549	2	160	17	16
2021-01-14	14550	547	3960	17096	2	162	27	13
2021-01-15	13323	405	4123	17501	4	166	31	15
2021-01-16	12865	650	4405	18151	4	170	35	11
2021-01-17	11387	292	4439	18443	3	173	35	11
2021-01-18	12676	330	4350	18773	2	175	22	19
2021-01-19	10931	349	4417	19122	5	180	25	18
2021-01-20	11433	408	4557	19530	4	184	28	18
2021-01-21	13449	530	4526	20060	4	188	31	14
2021-01-22	14371	567	4520	20627	3	191	33	13
2021-01-23	14237	634	4641	21261	3	194	33	15
2021-01-24	15152	567	4557	21828	3	197	32	19
2021-01-25	15544	786	4668	22614	3	200	31	16
2021-01-26	14527	825	4864	23439	4	204	27	16
2021-01-27	14593	666	4799	24105	4	208	27	14
2021-01-28	13903	659	4892	24764	2	210	21	18
2021-01-29	16529	910	5100	25674	3	213	24	21
2021-01-30	18044	1012	5558	26686	1	214	28	22
2021-01-31	18403	906	5469	27592	2	216	27	21
2021-02-01	18004	1044	5445	28636	2	218	31	27
2021-02-02	17076	893	5563	29529	2	220	33	25
2021-02-03	18095	816	5600	30345	5	225	30	27
2021-02-04	18017	845	5544	31190	4	229	34	29
2021-02-05	17500	821	5685	32011	4	233	32	30
2021-02-06	17787	820	5799	32831	5	238	30	37
2021-02-07	18981	653	5595	33484	2	240	32	36
2021-02-08	19322	580	5071	34064	4	244	35	33
2021-02-09	19710	858	4943	34922	5	249	36	31
2021-02-10	18614	850	4768	35772	4	253	37	36
2021-02-11	18561	823	4748	36595	4	257	31	41
2021-02-12	18181	888	4657	37483	4	261	32	37
2021-02-13	18362	806	4800	38289	5	266	33	37
2021-02-14	17807	715	4903	39004	3	269	36	34
2021-02-15	16274	937	4895	39941	5	274	37	27
2021-02-16	16134	824	5108	40765	3	277	43	27
2021-02-17	17051	923	5098	41688	5	282	40	22
2021-02-18	17949	859	4998	42547	5	287	37	27
2021-02-19	17145	937	4947	43484	4	291	31	28
2021-02-20	17786	1039	5046	44523	5	296	40	26
2021-02-21	18430	838	4968	45361	4	300	34	27
2021-02-22	18718	836	4858	46197	4	304	34	32
2021-02-23	18792	699	4629	46896	4	308	24	32
2021-02-24	18337	670	4389	47566	4	312	28	33
2021-02-25	18568	875	4336	48441	2	314	27	26
2021-02-26	17892	720	4221	49161	4	318	33	26
2021-02-27	18113	618	4159	49779	4	322	26	29
2021-02-28	19155	811	4104	50590	2	324	39	23
2021-03-01	17577	997	4277	51587	4	328	35	25
2021-03-02	17580	914	4486	52501	5	333	43	22
2021-03-03	18077	807	4575	53308	3	336	33	30
2021-03-04	18036	777	4551	54085	5	341	31	30
2021-03-05	18317	750	4546	54835	3	344	39	29
2021-03-06	18570	858	4510	55693	4	348	41	28
2021-03-07	20578	873	4451	56566	2	350	40	29
2021-03-08	18274	1041	4606	57607	2	352	41	27
2021-03-09	18678	772	4516	58379	5	357	43	30
2021-03-10	17541	778	4656	59157	4	361	36	44
2021-03-11	17759	762	4646	59919	4	365	43	34
2021-03-12	18362	639	4375	60558	1	366	47	29
2021-03-13	19310	914	4291	61472	4	370	44	31
2021-03-14	20878	734	4227	62206	3	373	52	35
2021-03-15	19812	792	3956	62998	3	376	41	30
2021-03-16	20132	727	3739	63725	4	380	33	31
2021-03-17	19537	689	3596	64414	4	384	33	27
2021-03-18	19381	735	3575	65149	3	387	45	30
2021-03-19	19788	813	3452	65962	5	392	39	29
2021-03-20	18690	796	3448	66758	2	394	39	29
2021-03-21	18966	718	3384	67476	3	397	45	32
2021-03-22	18162	774	3361	68250	4	401	37	28
2021-03-23	18177	736	3348	68986	4	405	41	26
2021-03-24	19812	816	3334	69802	3	408	41	23
2021-03-25	19842	832	3318	70634	5	413	38	29
2021-03-26	20935	950	3417	71584	1	414	36	30
2021-03-27	20013	919	3533	72503	1	415	38	27
2021-03-28	19360	701	3527	73204	2	417	44	27
2021-03-29	20421	1008	3867	74212	4	421	41	31
2021-03-30	20412	1051	4169	75263	3	424	36	30
2021-03-31	20914	1013	4302	76276	1	425	43	31
2021-04-01	20749	1077	4517	77353	4	429	49	34
2021-04-02	20974	1029	4806	78382	2	431	49	32
2021-04-03	21488	1162	4806	79544	5	436	49	34
2021-04-04	21200	1066	4991	80610	0	436	39	32
2021-04-05	19328	1030	5273	81640	4	440	44	30
2021-04-06	20127	961	5220	82601	2	442	44	33
2021-04-07	20302	914	5063	83515	1	443	38	39
2021-04-08	21180	1017	5112	84532	5	448	34	32
2021-04-09	21332	1040	5105	85572	5	453	32	25
2021-04-10	21487	959	5211	86531	6	459	32	22
2021-04-11	21799	854	4962	87385	8	467	33	25
2021-04-12	21399	1060	4825	88445	10	477	31	30
2021-04-13	20993	959	4746	89404	11	488	43	32
2021-04-14	20672	1004	4739	90408	4	492	37	32
2021-04-15	22418	1040	4749	91448	9	501	43	30
2021-04-16	21187	1026	4844	92474	12	513	35	29
2021-04-17	22088	1037	4894	93511	13	526	32	31
2021-04-18	21568	1060	4910	94571	6	532	32	30
2021-04-19	22239	1183	5092	95754	7	539	33	26
2021-04-20	21380	1006	5122	96760	9	548	34	28
2021-04-21	21830	1207	5301	97967	12	560	43	27
2021-04-22	22217	1241	5622	99208	10	570	36	20
2021-04-23	22587	1110	5732	100318	12	582	39	30
2021-04-24	22237	1185	5760	101503	10	592	31	33
2021-04-25	24019	938	5465	102441	6	598	30	34
2021-04-26	22795	1083	5401	103524	7	605	39	41
2021-04-27	21441	988	5305	104512	10	615	35	35
2021-04-28	22805	1149	5342	105661	18	633	33	40
2021-04-29	22451	1046	5403	106707	12	645	40	35
2021-04-30	23384	915	5436	107622	10	655	40	37
2021-05-01	22237	1071	5633	108693	10	665	71	42
2021-05-02	22938	932	5637	109625	11	676	68	43
2021-05-03	20700	1019	5575	110644	11	687	64	51
2021-05-04	21067	1010	5591	111654	8	695	62	48
2021-05-05	22818	1060	5547	112714	7	702	72	48
2021-05-06	23282	1162	5630	113876	12	714	65	50
2021-05-07	24777	1036	5685	114912	9	723	66	52
2021-05-08	24672	1069	5829	115981	10	733	76	51
2021-05-09	24111	1116	5987	117097	9	742	81	49
2021-05-10	18417	1071	6031	118168	14	756	91	40
2021-05-11	20606	1207	6089	119375	13	769	91	44
2021-05-12	22934	1186	6233	120561	10	779	91	47
2021-05-13	23137	1277	6452	121838	7	786	97	46
2021-05-14	23533	1383	6863	123221	11	797	88	38
2021-05-15	23021	1233	6933	124454	8	805	78	42
2021-05-16	22779	1057	6891	125511	10	815	86	40
2021-05-17	21995	1244	6711	126755	12	827	90	40
2021-05-18	22648	1339	6921	128094	8	835	89	39
2021-05-19	21574	1252	6855	129346	6	841	91	46
2021-05-20	22896	1197	6873	130543	9	850	82	50
2021-05-21	22815	1289	6892	131832	14	864	89	47
2021-05-22	22430	1221	6883	133053	14	878	93	48
2021-05-23	21259	1155	6802	134208	13	891	91	49
2021-05-24	22372	1291	6927	135499	11	902	88	50
2021-05-25	21228	1129	6785	136628	11	913	90	48
2021-05-26	23078	1102	6554	137730	9	922	93	48
2021-05-27	21978	1169	6448	138899	12	934	84	48
2021-05-28	23299	1188	6177	140087	10	944	99	52
2021-05-29	23002	1079	6138	141166	7	951	94	53
2021-05-30	22407	1100	6035	142266	8	959	93	52
2021-05-31	20474	1057	5962	143323	7	966	91	54
2021-06-01	21412	1191	5866	144514	12	978	88	50
2021-06-02	22620	1053	5904	145567	8	986	91	57
2021-06-03	24399	1129	5797	146696	7	993	105	56
2021-06-04	23963	1135	5962	147831	11	1004	101	47
2021-06-05	21730	1087	5900	148918	9	1013	119	54
2021-06-06	20992	1185	5916	150103	13	1026	115	58
2021-06-07	22511	1156	6033	151259	8	1034	113	53
2021-06-08	22322	1161	5981	152420	12	1046	87	54
2021-06-09	23618	1158	6046	153578	12	1058	83	55
2021-06-10	22690	1288	6191	154866	8	1066	90	52
2021-06-11	20730	1372	6374	156238	10	1076	98	47
2021-06-12	19600	1470	6805	157708	12	1088	98	56
2021-06-13	22093	1349	7047	159057	11	1099	96	54
2021-06-14	19862	1537	7417	160594	8	1107	99	62
2021-06-15	19791	1403	7624	161997	12	1119	88	67
2021-06-16	19342	1418	7741	163415	5	1124	72	64
2021-06-17	37050	1481	7747	164896	9	1133	77	73
2021-06-18	30575	1472	7878	166368	16	1149	92	64
2021-06-19	31158	1436	8100	167804	11	1160	86	60
2021-06-20	29281	1561	8363	169365	11	1171	103	58
2021-06-21	27126	1489	8661	170854	10	1181	94	62
2021-06-22	30462	2055	9128	172909	13	1194	97	54
2021-06-23	33471	1880	9485	174789	16	1210	97	47
2021-06-24	32380	2464	10366	177253	10	1220	102	60
2021-06-25	34608	2403	11099	179656	12	1232	95	59
2021-06-26	33981	2698	12184	182354	10	1242	109	62
2021-06-27	30449	2589	13212	184943	12	1254	114	65
2021-06-28	30945	3080	14434	188023	17	1271	113	70
2021-06-29	34585	2970	15501	190993	14	1285	112	77
2021-06-30	36202	2952	16556	193945	18	1303	107	77
2021-07-01	36000	3308	17433	197253	20	1323	123	73
2021-07-02	34849	3475	18447	200728	15	1338	128	72
2021-07-03	37801	3519	19319	204247	14	1352	128	81
2021-07-04	38826	3075	19112	207322	21	1373	131	80
2021-07-05	35243	3591	20306	210913	15	1388	112	70
2021-07-06	36905	3664	20881	214577	18	1406	105	79
2021-07-07	39101	3819	21090	218396	26	1432	101	72
2021-07-08	44653	6422	24321	224818	28	1460	91	71
2021-07-09	49198	6750	28204	231568	31	1491	101	93
2021-07-10	46648	6923	32087	238491	47	1538	124	109
2021-07-11	41705	6423	34917	244914	42	1580	121	96
2021-07-12	38721	5613	36839	250527	29	1609	119	94
2021-07-13	43246	6080	38912	256607	51	1660	131	127
2021-07-14	45721	6479	41558	263086	67	1727	129	118
2021-07-15	47356	6460	43433	269546	65	1792	171	134
2021-07-16	47466	6062	43568	275608	52	1844	166	137
2021-07-17	49965	6279	38611	281887	62	1906	193	145
2021-07-18	44310	6505	34574	288392	61	1967	164	143
2021-07-19	43808	6057	35616	294449	53	2020	176	148
2021-07-20	46350	6405	36851	300854	53	2073	171	148
2021-07-21	50844	7745	35648	308599	65	2138	192	130
2021-07-22	51425	7784	37434	316383	66	2204	199	129
2021-07-23	53006	7732	39520	324115	68	2272	180	131
2021-07-24	56424	8853	42146	332968	80	2352	206	153
2021-07-25	53310	8184	42337	341152	66	2418	225	164
2021-07-26	47616	7903	42353	349055	75	2493	231	153
2021-07-27	51209	9323	43592	358378	68	2561	201	149
2021-07-28	53469	8607	44058	366985	68	2629	197	143
2021-07-29	51142	8736	43160	375721	65	2694	218	155
2021-07-30	50758	8875	42813	384596	65	2759	181	159
2021-07-31	47753	9747	42954	394343	87	2846	208	146
2021-08-01	45314	9279	43954	403622	68	2914	232	153
2021-08-02	39294	9629	45965	413251	80	2994	216	141
2021-08-03	39671	9363	46112	422614	98	3092	228	140
2021-08-04	46306	8399	45631	431013	93	3185	257	150
2021-08-05	43388	8886	46078	439899	75	3260	261	142
2021-08-06	40248	8893	46723	448792	96	3356	299	152
2021-08-07	41730	9427	47290	458219	83	3439	336	153
2021-08-08	39358	7950	46745	466169	77	3516	308	166
2021-08-09	37373	8936	46053	475105	93	3609	293	168
2021-08-10	37405	8605	45382	483710	76	3685	311	175
2021-08-11	44026	8194	44071	491904	73	3758	305	179
2021-08-12	45581	8312	44030	500216	85	3843	312	161
2021-08-13	48802	8816	40789	509032	83	3926	339	146
2021-08-14	46109	8636	40471	517668	98	4024	333	142
2021-08-15	44360	9169	42041	526837	65	4089	337	109
2021-08-16	41023	9772	44157	536609	68	4157	354	115
2021-08-17	45939	8666	44729	545275	84	4241	330	128
2021-08-18	48651	8972	45271	554247	79	4320	352	134
2021-08-19	49635	9764	46448	564011	78	4398	347	131
2021-08-20	48705	9740	46982	573751	84	4482	391	124
2021-08-21	53853	9548	48486	583299	63	4545	375	130
2021-08-22	47223	9320	49900	592619	74	4619	375	119
2021-08-23	45529	9907	50370	602526	92	4711	344	134
2021-08-24	50543	8637	50929	611163	96	4807	324	145
2021-08-25	54488	8509	49596	619672	96	4903	314	137
2021-08-26	55138	7639	47130	627311	82	4985	323	138
2021-08-27	53675	6850	41522	634161	83	5068	300	146
2021-08-28	47764	6277	38391	640438	77	5144	294	159
2021-08-29	46364	6075	36856	646513	75	5219	274	143
2021-08-30	43834	6342	35488	652855	84	5303	283	148
2021-08-31	49674	6609	33873	659464	74	5377	290	150
2021-09-01	57137	6208	32909	665672	87	5464	271	151
2021-09-02	58405	6927	32132	672599	74	5538	273	142
2021-09-03	60938	7854	33600	680453	79	5617	275	144
2021-09-04	59589	9221	37013	689674	86	5703	282	139
2021-09-05	56808	7230	37957	696904	85	5788	280	120
2021-09-06	54636	7771	38035	704675	93	5881	283	144
2021-09-07	57276	8317	39629	712992	86	5967	279	134
2021-09-08	62569	7747	39213	720739	89	6056	294	130
2021-09-09	59905	8394	38944	729133	84	6140	284	128
2021-09-10	56043	8035	38852	737168	79	6219	298	121
2021-09-11	56514	8034	39248	745202	80	6299	312	127
2021-09-12	53586	8342	39610	753544	74	6373	313	135
2021-09-13	49778	7516	39279	761060	76	6449	315	141
2021-09-14	51130	7437	38836	768497	74	6523	330	132
2021-09-15	56070	7628	38794	776125	78	6601	320	138
2021-09-16	53918	8291	39075	784416	75	6676	319	145
2021-09-17	58915	8517	39079	792933	57	6733	320	145
2021-09-18	57131	8434	39616	801367	63	6796	324	137
2021-09-19	55402	8544	40319	809911	60	6856	316	142
2021-09-20	51261	8289	40984	818200	63	6919	301	129
2021-09-21	53249	7151	40317	825351	59	6978	306	145
2021-09-22	54739	6935	39377	832286	70	7048	288	132
2021-09-23	50925	7695	36795	839981	56	7104	283	128
2021-09-24	53249	7513	35320	847494	59	7163	249	120
2021-09-25	51000	6673	34172	854167	64	7227	270	116
2021-09-26	48370	6632	33841	860799	52	7279	265	121
2021-09-27	42581	6009	32694	866808	51	7330	273	133
2021-09-28	43062	5617	30986	872425	48	7378	298	123
2021-09-29	46821	5003	28807	877428	58	7436	296	105
2021-09-30	47131	5049	27158	882477	50	7486	270	104
2021-10-01	45552	4873	25788	887350	48	7534	247	105
2021-10-02	42532	4097	23832	891447	46	7580	254	104
2021-10-03	40644	4272	23056	895719	38	7618	251	106
2021-10-04	33290	4793	22293	900512	45	7663	226	100
2021-10-05	38066	3596	20884	904108	40	7703	236	113
2021-10-06	42344	3833	20148	907941	39	7742	229	98
2021-10-07	40431	3396	19493	911337	35	7777	229	91
2021-10-08	39347	3442	18077	914779	35	7812	226	94
2021-10-09	37234	3604	16975	918383	39	7851	218	95
2021-10-10	32049	2945	16144	921328	40	7891	234	92
2021-10-11	27134	2638	15284	923966	37	7928	223	88
2021-10-12	27279	2354	13511	926320	28	7956	226	89
2021-10-13	29775	2364	11591	928684	38	7994	203	89
2021-10-14	32360	2138	10277	930822	24	8018	203	84
2021-10-15	31021	1946	8781	932768	19	8037	187	89
2021-10-16	30359	2197	8683	934965	21	8058	167	88
2021-10-17	27329	1844	8261	936809	21	8079	156	85
2021-10-18	22152	1768	7684	938577	22	8101	143	80
2021-10-19	25715	1550	6987	940127	13	8114	128	72
2021-10-20	27035	1435	6392	941562	19	8133	116	71
2021-10-21	28883	1476	6038	943038	20	8153	106	66
2021-10-22	28519	1393	5846	944431	14	8167	105	60
2021-10-23	28128	1319	5731	945750	15	8182	103	53
2021-10-24	24780	1210	5761	946960	9	8191	91	49
2021-10-25	19548	 975	5327	947935	10	8201	83	49
2021-10-26	21029	 912	4848	948847	9	8210	82	48
2021-10-27	23473	 900	4639	949747	9	8219	75	48
2021-10-28	24426	 866	4378	950613	4	8223	70	46
2021-10-29	24332	 712	4109	951325	7	8230	66	39
2021-10-30	23044	 676	3892	952001	6	8236	55	42
2021-10-31	20856	 633	3674	952634	4	8240	55	41
2021-11-01	17047	 549	3378	953183	6	8246	59	37
2021-11-02	20201	 567	3245	953750	4	8250	53	34
2021-11-03	21935	 592	3049	954342	2	8252	55	33
2021-11-04	22857	 606	3057	954948	5	8257	52	22
2021-11-05	22567	 550	2767	955498	4	8261	54	19
2021-11-06	21695	 483	2641	955981	1	8262	54	20
2021-11-07	18866	 471	2686	956452	3	8265	54	20
2021-11-08	16125	 467	2529	956919	5	8270	50	18
2021-11-09	16993	 413	2386	957332	4	8274	50	20
2021-11-10	18235	 403	2074	957735	4	8278	45	17
2021-11-11	18720	 362	2045	958097	1	8279	43	15
2021-11-12	20216	 293	1801	958390	0	8279	41	15
2021-11-13	19978	 348	1750	958738	3	8282	31	19
2021-11-14	19065	 326	1755	959064	1	8283	34	17
2021-11-15	15237	 243	1626	959307	1	8284	31	21
2021-11-16	18187	 246	1492	959553	2	8286	37	19
2021-11-17	20069	 316	1418	959869	3	8289	36	16
2021-11-18	19424	 316	1385	960185	1	8290	30	15
2021-11-19	19955	 287	1415	960472	3	8293	26	20
2021-11-20	20167	 330	1392	960802	2	8295	26	16
2021-11-21	17944	 240	1366	961042	0	8295	23	16
2021-11-22	14134	 234	1251	961276	3	8298	25	11
2021-11-23	17943	 182	1158	961458	1	8299	26	10
2021-11-24	23007	 240	1136	961698	0	8299	15	13
2021-11-25	21583	 186	1020	961884	0	8299	16	14
2021-11-26	24494	 183	 971	962067	1	8300	13	17
2021-11-27	20718	 153	 925	962220	0	8300	17	13
2021-11-28	16905	 130	 863	962350	0	8300	12	13
2021-11-29	14738	 136	 788	962485	4	8304	12	11
2021-11-30	28275	 142	 700	962628	1	8305	14	11
2021-12-01	22572	 150	 694	962778	0	8305	11	11
2021-12-02	22069	 114	 647	962892	1	8306	9	13
2021-12-03	21178	 110	 608	963002	1	8307	10	13
2021-12-04	20037	  88	 549	963090	2	8309	11	11
2021-12-05	17594	 104	 533	963194	1	8310	11	9
2021-12-06	13055	  75	 474	963269	1	8311	7	11
2021-12-07	17448	  78	 407	963347	0	8311	7	9
2021-12-08	19719	  81	 401	963428	0	8311	6	7
2021-12-09	20081	  65	 384	963493	0	8311	7	8
2021-12-10	19703	  73	 334	963566	2	8313	9	5
2021-12-11	18970	  62	 331	963628	0	8313	11	5
2021-12-12	17506	  65	 337	963693	0	8313	8	8
